Programming in C++,Programming in COBOL,probability
0,0,0.4999550049494555
0,1,9.998900120986691e-06
0,2,9.998900120986691e-06
0,3,9.998900120986691e-06
0,4,0.4999550049494555
0,5,9.998900120986691e-06
0,6,9.998900120986691e-06
0,7,9.998900120986691e-06
0,8,9.998900120986691e-06
0,9,9.998900120986691e-06
0,10,9.998900120986691e-06
1,0,9.998900120986695e-06
1,1,9.998900120986695e-06
1,2,9.998900120986695e-06
1,3,9.998900120986695e-06
1,4,9.998900120986695e-06
1,5,9.998900120986695e-06
1,6,0.1428514291999309
1,7,0.7142171503991703
1,8,9.998900120986695e-06
1,9,9.998900120986695e-06
1,10,0.1428514291999309
2,0,0.09090909090909091
2,1,0.09090909090909091
2,2,0.09090909090909091
2,3,0.09090909090909091
2,4,0.09090909090909091
2,5,0.09090909090909091
2,6,0.09090909090909091
2,7,0.09090909090909091
2,8,0.09090909090909091
2,9,0.09090909090909091
2,10,0.09090909090909091
3,0,9.99890012098669e-06
3,1,9.99890012098669e-06
3,2,9.99890012098669e-06
3,3,9.99890012098669e-06
3,4,0.99990001099879
3,5,9.99890012098669e-06
3,6,9.99890012098669e-06
3,7,9.99890012098669e-06
3,8,9.99890012098669e-06
3,9,9.99890012098669e-06
3,10,9.99890012098669e-06
4,0,0.06250312465628781
4,1,0.09374968753437121
4,2,9.998900120986691e-06
4,3,0.0312565617782044
4,4,0.3124756276809551
4,5,0.0312565617782044
4,6,0.0312565617782044
4,7,0.24998250192478827
4,8,0.0312565617782044
4,9,0.15624281329053805
4,10,9.998900120986691e-06
5,0,9.99890012098669e-06
5,1,9.99890012098669e-06
5,2,9.99890012098669e-06
5,3,9.99890012098669e-06
5,4,9.99890012098669e-06
5,5,9.99890012098669e-06
5,6,9.99890012098669e-06
5,7,9.99890012098669e-06
5,8,0.99990001099879
5,9,9.99890012098669e-06
5,10,9.99890012098669e-06
6,0,0.09090909090909091
6,1,0.09090909090909091
6,2,0.09090909090909091
6,3,0.09090909090909091
6,4,0.09090909090909091
6,5,0.09090909090909091
6,6,0.09090909090909091
6,7,0.09090909090909091
6,8,0.09090909090909091
6,9,0.09090909090909091
6,10,0.09090909090909091
7,0,0.12902806497736863
7,1,0.0322645154194329
7,2,9.998900120986691e-06
7,3,9.998900120986691e-06
7,4,0.16128258149668054
7,5,9.998900120986691e-06
7,6,0.0322645154194329
7,7,0.38706419713186385
7,8,0.0967735484580567
7,9,0.0322645154194329
7,10,0.12902806497736863
8,0,9.99890012098669e-06
8,1,9.99890012098669e-06
8,2,9.99890012098669e-06
8,3,9.99890012098669e-06
8,4,0.99990001099879
8,5,9.99890012098669e-06
8,6,9.99890012098669e-06
8,7,9.99890012098669e-06
8,8,9.99890012098669e-06
8,9,9.99890012098669e-06
8,10,9.99890012098669e-06
9,0,9.998900120986691e-06
9,1,9.998900120986691e-06
9,2,9.998900120986691e-06
9,3,9.998900120986691e-06
9,4,9.998900120986691e-06
9,5,9.998900120986691e-06
9,6,9.998900120986691e-06
9,7,9.998900120986691e-06
9,8,9.998900120986691e-06
9,9,0.9999000109987902
9,10,9.998900120986691e-06
10,0,0.11110888913330647
10,1,9.998900120986695e-06
10,2,9.998900120986695e-06
10,3,9.998900120986695e-06
10,4,0.11110888913330647
10,5,9.998900120986695e-06
10,6,9.998900120986695e-06
10,7,0.22220777936649194
10,8,0.11110888913330647
10,9,9.998900120986695e-06
10,10,0.4444055598328629
